1 -> 10 15 1
2 -> 201 204 2
3 -> 15 147 7
4 -> 17 188 1
5 -> 18 250 7
6 -> 26 85 3
7 -> 32 843 7
8 -> 42 890 1
9 -> 45 909 3
10 -> 46 1293 8
11 -> 51 1348 2
12 -> 52 333 1
13 -> 53 1884 9
14 -> 54 2815 6
15 -> 70 535 6
16 -> 72 4075 4
17 -> 76 3064 0
18 -> 81 1532 6
19 -> 84 2781 7
20 -> 91 7197 7
21 -> 93 3983 4
22 -> 94 5352 5
23 -> 95 6619 1
24 -> 101 1211 2
25 -> 105 4939 1
26 -> 108 2204 9
27 -> 110 6682 6
28 -> 118 12787 4
29 -> 119 1587 0
30 -> 121 2647 9
31 -> 121 12029 6
32 -> 122 1185 5
33 -> 124 11226 9
34 -> 126 2984 9
35 -> 126 8304 6
36 -> 129 3320 7
37 -> 132 16487 9
38 -> 132 16161 4
39 -> 136 2330 3
40 -> 140 15349 7
41 -> 140 11208 0
42 -> 143 3085 0
43 -> 145 7110 4
44 -> 146 8802 8
45 -> 147 15741 0
46 -> 148 5815 2
47 -> 149 8354 6
48 -> 150 6099 6
49 -> 154 14966 2
50 -> 156 2759 7
51 -> 156 4029 9
52 -> 161 21982 1
53 -> 163 10364 0
54 -> 163 14851 5
55 -> 168 274 6
56 -> 169 14184 2
57 -> 181 27885 6
58 -> 202 16042 4
59 -> 203 12980 4
60 -> 209 42784 4
61 -> 210 4740 5
62 -> 211 36095 4
63 -> 212 23258 6
64 -> 212 11642 6
65 -> 212 6682 2
66 -> 212 17371 9
67 -> 214 18059 8
68 -> 214 16042 8
69 -> 219 7741 7
70 -> 219 22537 0
71 -> 224 30572 6
72 -> 225 10820 0
73 -> 228 14448 4
74 -> 228 13009 3
75 -> 235 31248 8
76 -> 245 20768 1
77 -> 248 17722 6
78 -> 252 39039 8
79 -> 252 24932 8
80 -> 252 14568 0
81 -> 256 61248 7
82 -> 261 10533 8
83 -> 264 21530 0
84 -> 266 65688 5
85 -> 266 47282 3
86 -> 267 21068 3
87 -> 269 10547 4
88 -> 272 43868 1
89 -> 275 1652 2
90 -> 281 3393 8
91 -> 283 61745 9
92 -> 296 10128 3
93 -> 298 60302 3
94 -> 300 58344 4
95 -> 308 14413 5
96 -> 317 59263 5
97 -> 319 73351 4
98 -> 322 10825 3
99 -> 325 70896 3
100 -> 326 47878 6
101 -> 327 17310 7
102 -> 330 28284 3
103 -> 337 33613 0
104 -> 338 6217 3
105 -> 338 91032 0
106 -> 338 19203 0
107 -> 340 39559 1
108 -> 340 89994 9
109 -> 350 36638 1
110 -> 350 67109 8
111 -> 351 69748 1
112 -> 351 112922 9
113 -> 352 7693 7
114 -> 353 49276 1
115 -> 353 81330 7
116 -> 355 16255 6
117 -> 359 70226 8
118 -> 360 73390 5
119 -> 360 12864 0
120 -> 366 11247 6
121 -> 368 6776 9
122 -> 370 53113 4
123 -> 379 50596 1
124 -> 382 75209 8
125 -> 393 115754 0
126 -> 399 44097 4
127 -> 401 102905 9
128 -> 402 12021 4
129 -> 403 24684 2
130 -> 405 66038 0
131 -> 405 6356 2
132 -> 407 105883 2
133 -> 419 170387 4
134 -> 420 120488 5
135 -> 420 74921 4
136 -> 425 16240 3
137 -> 426 91277 6
138 -> 427 178599 1
139 -> 429 131677 7
140 -> 431 184756 5
141 -> 436 94156 9
142 -> 439 38506 9
143 -> 440 101325 3
144 -> 441 27804 7
145 -> 442 51691 7
146 -> 450 198824 4
147 -> 450 152559 7
148 -> 450 21587 7
149 -> 454 9549 2
150 -> 454 15947 4
151 -> 456 62292 8
152 -> 458 3133 3
153 -> 460 173649 7
154 -> 460 52875 1
155 -> 460 67128 7
156 -> 461 196422 2
157 -> 474 124787 0
158 -> 475 203964 4
159 -> 478 32237 7
160 -> 485 227124 8
161 -> 485 144650 1
162 -> 485 222081 7
163 -> 486 185304 7
164 -> 493 113690 3
165 -> 497 174188 0
166 -> 501 207463 5
167 -> 506 23885 5
168 -> 508 83166 7
169 -> 512 77274 6
170 -> 521 55783 9
171 -> 521 100785 6
172 -> 524 231281 4
173 -> 529 211871 4
174 -> 540 1409 3
175 -> 543 229978 2
176 -> 550 294219 0
177 -> 550 236418 0
178 -> 552 182936 4
179 -> 554 236641 7
180 -> 556 232644 3
181 -> 557 297520 4
182 -> 562 156464 5
183 -> 563 298921 4
184 -> 567 195068 3
185 -> 568 38790 6
186 -> 570 13125 1
187 -> 572 144133 2
188 -> 580 132559 5
189 -> 582 312388 5
190 -> 585 9097 3
191 -> 586 287334 8
192 -> 588 115570 9
193 -> 591 284962 1
194 -> 594 133190 3
195 -> 598 136336 6
196 -> 605 264249 7
197 -> 606 78530 4
198 -> 612 183476 7
199 -> 619 205598 8
200 -> 620 37815 8
201 -> 628 284958 0
202 -> 631 362647 2
203 -> 634 239877 5
204 -> 636 215522 3
205 -> 638 303062 5
206 -> 643 30570 5
207 -> 645 328124 6
208 -> 651 40451 3
209 -> 654 341020 4
210 -> 655 231122 2
211 -> 665 115547 5
212 -> 673 270333 3
213 -> 673 68159 4
214 -> 674 264786 1
215 -> 678 424783 8
216 -> 679 454857 3
217 -> 682 457448 9
218 -> 682 432199 1
219 -> 685 461921 2
220 -> 689 15784 0
221 -> 689 416444 7
222 -> 694 401853 8
223 -> 696 334355 0
224 -> 696 224898 3
225 -> 698 268420 2
226 -> 703 380242 1
227 -> 708 216465 9
228 -> 709 264461 6
229 -> 710 282843 9
230 -> 712 209297 1
231 -> 714 245482 6
232 -> 714 86893 3
233 -> 717 25966 9
234 -> 730 140830 8
235 -> 730 429950 5
236 -> 748 395326 2
237 -> 761 530608 2
238 -> 762 365572 4
239 -> 762 233184 2
240 -> 763 408793 8
241 -> 764 483014 3
242 -> 775 28661 5
243 -> 777 163100 9
244 -> 784 397126 9
245 -> 786 504531 1
246 -> 788 51737 5
247 -> 791 609865 3
248 -> 796 625463 6
249 -> 799 244345 2
250 -> 799 275105 3
251 -> 811 433140 8
252 -> 813 29963 1
253 -> 813 176900 4
254 -> 813 359220 2
255 -> 815 30594 9
256 -> 820 167196 2
257 -> 820 363039 8
258 -> 822 344715 8
259 -> 824 356008 3
260 -> 825 93721 0
261 -> 826 333111 4
262 -> 828 149846 4
263 -> 833 276311 6
264 -> 837 43580 2
265 -> 839 554820 9
266 -> 847 487354 9
267 -> 851 374266 4
268 -> 853 265248 7
269 -> 858 659048 4
270 -> 862 67955 0
271 -> 863 742964 6
272 -> 872 708318 6
273 -> 872 245983 5
274 -> 873 325844 7
275 -> 879 74593 8
276 -> 882 404968 5
277 -> 884 152949 6
278 -> 892 418897 1
279 -> 892 768835 1
280 -> 899 274669 8
281 -> 900 419803 9
282 -> 902 791012 7
283 -> 903 211905 4
284 -> 907 215606 8
285 -> 907 46474 3
286 -> 925 514317 5
287 -> 926 639058 1
288 -> 936 415516 8
289 -> 937 231626 1
290 -> 939 72055 4
291 -> 958 308495 6
292 -> 961 215704 0
293 -> 966 657330 7
294 -> 966 599458 5
295 -> 967 455815 0
296 -> 974 179117 7
297 -> 985 576055 2
298 -> 985 812515 3
299 -> 987 313441 3
300 -> 995 917658 1
301 -> 997 737523 5
302 -> 997 578853 9
303 -> 2399 2427845 3
304 -> 5256 8436894 5
305 -> 7857 31907629 3
306 -> 12184 60837780 9
307 -> 15283 46255331 9
308 -> 22437 480738980 5
309 -> 24704 211943450 7
310 -> 34560 878817010 6
311 -> 34793 314268801 9
312 -> 38510 209505189 0
313 -> 42373 383886157 9
314 -> 43188 216414394 8
315 -> 48350 98185574 2
316 -> 49183 436485397 1
317 -> 55513 1183343596 9
318 -> 61027 1573678320 2
319 -> 63316 1299665007 4
320 -> 71911 4299529070 6
321 -> 74293 2331807174 4
322 -> 74516 3905622822 7
323 -> 75286 256581282 9
324 -> 84368 5148795651 0
325 -> 88952 2164149517 4
326 -> 90454 1834863791 2
327 -> 91113 7710244576 1
328 -> 91962 1230836187 5
329 -> 105066 4105350651 6
330 -> 107171 4697659173 5
331 -> 111604 7661144702 6
332 -> 116505 811783276 0
333 -> 116919 11299902792 2
334 -> 117174 5489522492 6
335 -> 119746 12377420724 3
336 -> 123995 2485803515 8
337 -> 128990 9420974914 1
338 -> 129489 2006117366 9
339 -> 130126 4399569753 5
340 -> 133704 1097498158 3
341 -> 140544 18467165167 6
342 -> 143473 6354245420 2
343 -> 143503 9583085885 6
344 -> 148232 10073351639 4
345 -> 154186 23717567197 2
346 -> 157005 13647688163 5
347 -> 163763 25563241159 2
348 -> 164585 17430374030 0
349 -> 166637 8228437688 3
350 -> 170030 12023064572 9
351 -> 171723 23169664945 2
352 -> 180700 10072724973 0
353 -> 181916 16899510920 0
354 -> 182181 5290848435 3
355 -> 216827 4329451711 6
356 -> 231014 15765709498 7
357 -> 231224 35894491788 0
358 -> 239900 18106233224 4
359 -> 248432 61312074976 2
360 -> 255537 49420638051 8
361 -> 255733 22616863877 8
362 -> 256780 1948026484 3
363 -> 260138 30291622352 4
364 -> 262767 58688225001 5
365 -> 268547 45669849851 7
366 -> 277753 50464394508 8
367 -> 282782 74888472444 8
368 -> 290590 72361447351 6
369 -> 297481 58802727256 9
370 -> 306817 41173088803 9
371 -> 307140 73196574425 6
372 -> 307697 6526065171 5
373 -> 318706 70911189480 3
374 -> 323333 60162547402 2
375 -> 324219 61409681169 4
376 -> 326429 54803350588 6
377 -> 326592 80856985069 4
378 -> 329244 73614238738 9
379 -> 330883 89509236028 7
380 -> 330995 75570580477 7
381 -> 333340 46305806495 9
382 -> 336803 94491558248 0
383 -> 337098 59923922420 4
384 -> 350750 68696914898 8
385 -> 369708 47635413723 2
386 -> 372144 18406908446 9
387 -> 372190 50468697600 9
388 -> 372743 41385552044 1
389 -> 378356 16610728993 8
390 -> 389818 15134130545 2
391 -> 390706 57657074655 6
392 -> 396296 45869285498 7
393 -> 397082 87918169226 5
394 -> 401609 97896225871 2
395 -> 402005 92392807723 6
396 -> 404903 85596217430 4
397 -> 405333 549525395 1
398 -> 406574 116807635188 1
399 -> 408095 49847635100 2
400 -> 416236 78485357190 7
401 -> 416760 259300663 9
402 -> 421537 21406366566 1
403 -> 422244 175910158032 4
404 -> 423082 83657674849 8
405 -> 423168 60204919907 1
406 -> 425488 36508463563 7
407 -> 425663 70605948138 9
408 -> 426232 57827216634 8
409 -> 426407 7721469827 8
410 -> 428929 58992511407 9
411 -> 430520 58146537875 7
412 -> 436373 43316465649 9
413 -> 436751 28786501724 2
414 -> 437111 81446929933 2
415 -> 452114 149958697935 2
416 -> 457416 49409156364 6
417 -> 458207 93235997872 3
418 -> 463020 190134142626 4
419 -> 464197 96887582697 4
420 -> 465047 134356024988 8
421 -> 465883 130179585911 8
422 -> 467477 196797809384 5
423 -> 483420 115975572565 8
424 -> 483795 89816009661 0
425 -> 483907 147542149009 5
426 -> 491156 104834395993 4
427 -> 501969 207394737333 3
428 -> 503139 86062901742 5
429 -> 503853 153090321696 8
430 -> 510072 29560949222 9
431 -> 511182 226640380501 0
432 -> 511263 123056937281 1
433 -> 513136 247605460113 0
434 -> 519228 116666670015 8
435 -> 519498 143246702901 4
436 -> 521701 208068883226 5
437 -> 523029 110611625269 6
438 -> 524559 81687515039 7
439 -> 543217 223597398005 2
440 -> 544593 164162393760 0
441 -> 545354 186441642053 6
442 -> 548351 208509065532 6
443 -> 550881 150914968104 9
444 -> 555157 202872724726 9
445 -> 566134 211509120955 3
446 -> 567891 16736102219 0
447 -> 569119 86192005397 2
448 -> 570332 230876339907 1
449 -> 576604 139059390361 8
450 -> 587782 65044787529 1
451 -> 592970 309871147758 7
452 -> 596362 318872372040 1
453 -> 600155 279235847452 0
454 -> 603346 254919221969 4
455 -> 604188 28214989660 5
456 -> 608703 351125100645 1
457 -> 611601 5357465385 4
458 -> 624434 317770238903 1
459 -> 625566 85812376047 9
460 -> 631175 164719776152 1
461 -> 634785 125548415897 5
462 -> 639187 46643438177 1
463 -> 639455 190225454569 8
464 -> 642562 87223965900 7
465 -> 652950 217683489710 5
466 -> 655259 102636549429 4
467 -> 658422 189528693272 4
468 -> 673741 380122857028 8
469 -> 699718 422280040981 2
470 -> 700892 443263798317 3
471 -> 703339 412569308189 0
472 -> 708672 144436658154 7
473 -> 713217 119879516683 3
474 -> 714063 459530358249 3
475 -> 715402 270344577387 9
476 -> 719106 82740892976 1
477 -> 720965 332186495121 0
478 -> 729593 432129387069 1
479 -> 741528 23832581900 4
480 -> 747076 551683835929 7
481 -> 752727 258801769355 3
482 -> 761859 141306087328 5
483 -> 762965 476388593315 6
484 -> 764003 501080877488 2
485 -> 764998 460382314931 4
486 -> 771519 432498527557 5
487 -> 779332 607238236048 5
488 -> 780879 495210746900 0
489 -> 780980 111823637057 6
490 -> 781162 247035491658 8
491 -> 784238 100243266130 1
492 -> 787745 89510694248 1
493 -> 802652 626016268833 4
494 -> 806451 466799246695 6
495 -> 807698 504397622376 8
496 -> 808634 236140875231 6
497 -> 809299 573108250313 9
498 -> 810933 208222905711 6
499 -> 812869 624843847331 5
500 -> 813582 121845034013 4
501 -> 815673 392878387010 0
502 -> 816167 592476364615 5
503 -> 821645 184047642590 1
504 -> 832950 405596982956 4
505 -> 837684 579061792271 6
506 -> 840539 678349712607 2
507 -> 846497 656628909369 5
508 -> 854592 454717528246 3
509 -> 857741 519060406592 3
510 -> 859815 104919277406 6
511 -> 861172 57665157141 4
512 -> 863154 613625715899 5
513 -> 867027 314664488126 7
514 -> 869871 265345730436 6
515 -> 870335 456800440682 8
516 -> 876931 43105227663 4
517 -> 878618 110964154994 8
518 -> 879652 566011604039 3
519 -> 887327 716381785917 3
520 -> 889608 753674233671 5
521 -> 894013 206542912896 0
522 -> 895063 185287613450 8
523 -> 896324 366847634698 6
524 -> 897488 374887766357 9
525 -> 900411 327005876428 1
526 -> 908695 548977696758 8
527 -> 909390 54354896270 6
528 -> 911167 247992195644 5
529 -> 912556 365523746662 5
530 -> 913077 521428534392 3
531 -> 915791 655936293435 2
532 -> 925444 114779908403 4
533 -> 930356 78605141874 2
534 -> 940356 314348028200 5
535 -> 944280 54349379659 6
536 -> 946582 653155778739 4
537 -> 951500 464482525726 3
538 -> 951504 586006024267 3
539 -> 960742 816035358832 3
540 -> 965662 475216532905 5
541 -> 966180 511334496927 8
542 -> 973312 212970173266 8
543 -> 977520 654225869727 1
544 -> 983264 464989581369 7
545 -> 984124 444939934596 4
546 -> 984330 183423664103 6
547 -> 992641 728075808641 0
548 -> 992756 203034843204 9
549 -> 992979 225499228165 7
550 -> 993596 27545388515 5
551 -> 994320 224787209225 1
552 -> 999687 874697294437 0
553 -> 1027075 62165884803 3
554 -> 1372701 949324283020 2
555 -> 2494378 1458202241225 3
556 -> 2747864 6291737252480 9
557 -> 3044721 1211321434381 4
558 -> 3573454 5411049688171 9
559 -> 4519938 2627148041035 4
560 -> 5928389 6215516836114 8
561 -> 6087820 11319902770686 1
562 -> 6683661 12266055492507 3
563 -> 7108645 10301106108180 8
564 -> 7232764 24084816349873 0
565 -> 7793937 23523070511259 5
566 -> 8249587 67423980430785 2
567 -> 8371291 34733302569566 4
568 -> 8656376 60431713475920 9
569 -> 9742874 6629993017359 9
570 -> 10781845 97088276559735 2
571 -> 11453288 65126377862593 0
572 -> 12329430 85447167468954 6
573 -> 12782000 103717153721056 6
574 -> 13057642 53758035044206 6
575 -> 13666183 75153790434420 5
576 -> 13707569 127723878680811 0
577 -> 13829050 21352090485395 6
578 -> 14169784 126316064188595 3
579 -> 14988699 145713827404247 3
580 -> 15419369 170134250320893 5
581 -> 16188701 256170717987331 7
582 -> 16390859 225071646327438 9
583 -> 16462318 141688093995135 5
584 -> 16518079 247323132392905 8
585 -> 16991998 152975767299940 2
586 -> 17194927 73122131643011 1
587 -> 17278684 80432285865948 4
588 -> 17590362 223117836745350 1
589 -> 18132923 57595525093524 0
590 -> 19421625 1871075968193 4
591 -> 19490861 298755811049867 3
592 -> 19750065 295567965109483 3
593 -> 19822668 113578014518236 4
594 -> 21419502 235945827753153 3
595 -> 21650626 441795705265118 9
596 -> 21864364 316235380525423 6
597 -> 22257098 271048683254876 8
598 -> 22705640 281420150908157 3
599 -> 22772429 271410655930633 0
600 -> 23217008 477301917887928 4
601 -> 24113880 351761621687221 5
602 -> 24446774 345326983553880 2
603 -> 24486469 197913229408793 2
604 -> 24844401 240951386785405 2
605 -> 25014204 175863412547793 0
606 -> 25184519 347661990363253 7
607 -> 25185346 157821440519721 4
608 -> 25300311 250561645347534 8
609 -> 26281876 176638400551620 9
610 -> 26315762 163045567917351 5
611 -> 27079810 77581618134092 5
612 -> 27535251 40431072502004 3
613 -> 28354745 101873757413262 3
614 -> 29141021 108545946670044 3
615 -> 29435075 167186162118655 2
616 -> 29762306 791546656351074 1
617 -> 29806689 499695874509025 5
618 -> 31390643 962033501586014 2
619 -> 31473508 554546209405156 8
620 -> 31762179 366247167223092 5
621 -> 33421119 903631828595652 1
622 -> 33671072 328703598073573 1
623 -> 34252250 536029528903010 0
624 -> 34531061 781399914213405 3
625 -> 34659917 255749243730394 3
626 -> 35340464 204871255046449 1
627 -> 35769652 442591081702928 2
628 -> 35845616 458753750469988 2
629 -> 35852298 978410241494085 6
630 -> 36188167 921522475945878 9
631 -> 37323579 761397054422270 1
632 -> 37616713 599240715467058 7
633 -> 37619731 399527682813772 3
634 -> 38895571 366125113593869 3
635 -> 39122047 621785781525314 0
636 -> 40102946 907424889379714 5
637 -> 40358325 267154203671736 6
638 -> 40639068 91987656121983 5
639 -> 41113971 807098995610339 4
640 -> 41282872 703934019498134 9
641 -> 42357496 263648178430843 2
642 -> 42749074 903259238585594 2
643 -> 43559103 335008748427225 4
644 -> 44900133 571549263703212 3
645 -> 45876374 70244463596143 7
646 -> 45989876 193903299817526 2
647 -> 46463868 807134080378695 1
648 -> 46534176 125557601641556 4
649 -> 46866687 406131046742559 9
650 -> 47903762 667016435393585 4
651 -> 48180957 919288500784779 5
652 -> 48548590 652499412463751 8
653 -> 48758512 398471305607673 8
654 -> 48868133 364079434157938 2
655 -> 49269797 628309214506675 2
656 -> 49363054 62380369341880 2
657 -> 49996497 286201947543858 1
658 -> 50396537 299295196539232 6
659 -> 50494521 390277638601751 6
660 -> 50786792 247355575713746 8
661 -> 51062470 768067162787661 2
662 -> 51318737 101956281100401 5
663 -> 51341353 49940935038619 1
664 -> 51485284 972495679550570 9
665 -> 51832588 626017253165799 4
666 -> 51894206 107773933477939 4
667 -> 51995329 732544098794331 8
668 -> 52139642 71982876371838 5
669 -> 54162031 60071669720649 2
670 -> 55205731 263636589007113 7
671 -> 55988324 625910883321071 4
672 -> 57078185 562677154349220 1
673 -> 57221356 282634276453572 5
674 -> 58050122 112586442653776 1
675 -> 58551582 805695904893067 1
676 -> 58562817 384804686367392 7
677 -> 59712508 756284192721598 6
678 -> 60558962 689205702399075 7
679 -> 60932168 514917271940105 4
680 -> 61621738 590645822138791 2
681 -> 61652302 649705675525615 6
682 -> 61930947 154595242862669 6
683 -> 62697076 278331278558075 5
684 -> 62875940 82892941839304 1
685 -> 63432046 192867718406808 9
686 -> 64093137 540668706093440 1
687 -> 64120176 628402856215316 0
688 -> 64524360 827694460963425 2
689 -> 64638776 278118559414099 3
690 -> 64838623 409007710129866 4
691 -> 64874584 690436262458223 4
692 -> 66415974 535027966026034 4
693 -> 66922788 967821831405008 8
694 -> 66951359 373816371112124 7
695 -> 68146588 905730473209098 8
696 -> 68567405 896737254712656 4
697 -> 68654912 892238389089620 1
698 -> 69069558 658175728857652 3
699 -> 69080142 711765970795678 1
700 -> 69483957 609748334549897 8
701 -> 69677067 290206023495658 4
702 -> 71620713 393578055763399 0
703 -> 71695750 570073750032310 6
704 -> 71960152 54195642352224 6
705 -> 72316982 969380151939455 4
706 -> 72366297 595198304051876 3
707 -> 72519228 957217565146070 7
708 -> 72665641 506749876355821 6
709 -> 73017293 340186541825227 8
710 -> 73245966 746414483583400 0
711 -> 73631507 811008831596538 6
712 -> 74839274 159229241587095 4
713 -> 75121114 356810575808719 6
714 -> 75459292 252090293075143 7
715 -> 77253686 851769341775864 9
716 -> 77795757 818408507632806 7
717 -> 77908184 70806049127318 9
718 -> 78123109 316344290550387 3
719 -> 78512733 504281274150667 4
720 -> 78592278 777739954838437 6
721 -> 79251271 46712807450747 1
722 -> 79552003 119527663024841 8
723 -> 80360585 853904128239926 3
724 -> 82061079 965841539480382 0
725 -> 82170042 23712147542112 0
726 -> 82394948 8629776205889 0
727 -> 82634537 566353161884502 8
728 -> 82687425 684695317444667 0
729 -> 83062786 88550001233988 5
730 -> 83302276 31433115962931 0
731 -> 84383996 74303394990674 3
732 -> 84513227 542118045056986 6
733 -> 84717105 977535376341100 9
734 -> 84825725 771244683155211 3
735 -> 84836185 113691139271878 5
736 -> 84960315 587582681837625 3
737 -> 85124755 605993696592742 9
738 -> 85346581 194015726152502 4
739 -> 86460434 107304369664141 3
740 -> 86632522 2116669302640 7
741 -> 87057605 837264703272852 6
742 -> 87180705 385074898658551 8
743 -> 87709217 78090160849532 5
744 -> 87814325 233405078397666 1
745 -> 87817746 675727894936193 3
746 -> 88857152 953282375152733 2
747 -> 88918462 384616628585883 0
748 -> 89372445 821230048140688 8
749 -> 89666584 878340236378740 8
750 -> 89831976 39043176597945 0
751 -> 90513656 898558052313810 6
752 -> 91368625 398430796286823 1
753 -> 91531379 469834317670249 8
754 -> 92505097 75383873574773 7
755 -> 92925207 931983254499651 4
756 -> 92982660 899788279482601 2
757 -> 93496219 236010280321149 9
758 -> 93688498 530193281005043 4
759 -> 93942856 42631227862775 4
760 -> 94504985 661718084077839 6
761 -> 95616306 262632762669482 5
762 -> 95716147 208447614638670 3
763 -> 95859020 540523702715704 7
764 -> 95977703 383308445180918 9
765 -> 96342846 604482480385255 7
766 -> 96394886 348195700854712 0
767 -> 96811365 413014773922647 8
768 -> 97326240 17661593796862 4
769 -> 97578196 160874869463882 7
770 -> 97762820 171418389181100 5
771 -> 98211676 481100352335099 5
772 -> 98550478 314978841631307 6
773 -> 261017740 518743792837842 1
774 -> 341142681 986433442586694 9
775 -> 483520654 56797665984330 8
776 -> 530799266 650431244632176 0
777 -> 771736761 246466937548040 8
778 -> 827982574 710584723581798 7
779 -> 860595454 888908608550226 6
780 -> 913869317 379479806987484 0
781 -> 1089753557 317775470922308 6
782 -> 1146509709 807104236362333 5
783 -> 1226926199 742807449240330 0
784 -> 1464785021 830115630855938 8
785 -> 1490045301 856109541862362 6
786 -> 1628546921 233593163253120 1
787 -> 1701756232 682616226173517 9
788 -> 1703894777 430248498945923 4
789 -> 1764355096 698038423377550 4
790 -> 1774236490 405459301882374 7
791 -> 1813956821 990586331516218 3
792 -> 1831233650 96007309061556 5
793 -> 1844092920 357517795009225 7
794 -> 2017371317 447963757339472 0
795 -> 2056279156 553823674459428 8
796 -> 2162404186 935502228558549 4
797 -> 2183520924 831671832163090 1
798 -> 2215621112 445334661292858 9
799 -> 2349261370 652962857898155 2
800 -> 2421517097 503662432748303 1
801 -> 2440357813 592661830296497 3
802 -> 2450381386 463151873850775 0
803 -> 2600298189 951072494017872 8
804 -> 2632996500 62116209500738 2
805 -> 2685217310 443797671550313 4
806 -> 2779542843 852189313118142 4
807 -> 2816852305 788280568577473 9
808 -> 2845071063 722141410539695 3
809 -> 2973020347 279860827242221 7
810 -> 3011776251 926927391480067 2
811 -> 3072267227 82733885036095 6
812 -> 3169053318 77543818966093 8
813 -> 3249104511 34273819970942 7
814 -> 3407232769 443235797182958 7
815 -> 3425939898 212195875886977 4
816 -> 3636594271 835639044154039 7
817 -> 3734171424 758677930234987 2
818 -> 3811087831 189835481758109 8
819 -> 3953732988 75899118139165 1
820 -> 3985601555 612458062103507 4
821 -> 4073856578 223755032102271 9
822 -> 4115201577 196789564859546 6
823 -> 4255818479 811407697159534 0
824 -> 4309177135 612067740904038 3
825 -> 4324920879 566354062686989 4
826 -> 4342890392 374661987167509 7
827 -> 4367649224 157887065905219 0
828 -> 4368973757 436107662547662 1
829 -> 4492159656 767120453124079 0
830 -> 4499330915 725884553483843 5
831 -> 4554417111 387845056667856 4
832 -> 4725436569 328211487653235 0
833 -> 4909507246 840506181227643 6
834 -> 5108412471 185904070585211 8
835 -> 5133589616 826239029556063 9
836 -> 5252647209 332543924261538 2
837 -> 5266178508 373944807739573 6
838 -> 5276342177 780014634704659 5
839 -> 5511383511 797715131670734 4
840 -> 5658920796 499575239057209 3
841 -> 5779611303 713457236477007 4
842 -> 5819390503 930077826396626 3
843 -> 5923571273 960813949211722 5
844 -> 6008464077 437338140953152 5
845 -> 6016378611 403981823929796 0
846 -> 6060604165 969383540814265 5
847 -> 6126740042 882004673742507 1
848 -> 6231272916 485400323135909 7
849 -> 6232218290 888862716534767 0
850 -> 6268132208 98451699755005 4
851 -> 6277012853 450516705132940 1
852 -> 6349656474 466069208330728 6
853 -> 6350283101 573419571115448 9
854 -> 6417187743 432740038752407 5
855 -> 6426105358 17664166442353 2
856 -> 6618013863 187173631890941 2
857 -> 6686753229 317721588561614 8
858 -> 6732204674 186502962534365 6
859 -> 6788046824 923044015566096 5
860 -> 6856790995 129534490698164 6
861 -> 6911359331 14556824120799 9
862 -> 6919720483 689858282838597 0
863 -> 6994459442 145140981830138 1
864 -> 7042805157 621093602508949 0
865 -> 7100274245 289344438557638 6
866 -> 7185891497 321822060871869 1
867 -> 7208084051 181102868001755 4
868 -> 7208171493 334020140095683 0
869 -> 7317156301 425894587613408 0
870 -> 7353539284 777800724365200 2
871 -> 7404738638 860539384230310 2
872 -> 7451107372 503806124437444 0
873 -> 7536053016 616916235837717 5
874 -> 7625476520 162047070157152 3
875 -> 7733819408 344364059585808 4
876 -> 7765662829 672459145594265 0
877 -> 7910495737 846854050545637 0
878 -> 7934177240 697407252491668 4
879 -> 7945131153 655278078544893 3
880 -> 7992803292 43812905450573 9
881 -> 8085105614 564165058477461 9
882 -> 8169318997 684752972085864 0
883 -> 8254478490 563722704327829 3
884 -> 8353718990 958906141130924 3
885 -> 8661241072 861387747040207 8
886 -> 8747611941 899516242863536 6
887 -> 8836386951 954787750759539 9
888 -> 8872091463 699146900567535 5
889 -> 8994330165 378309817396333 9
890 -> 9069215960 228221418607591 7
891 -> 9188258973 318801748524556 0
892 -> 9210556565 594122394491968 6
893 -> 9213401288 586697885715980 5
894 -> 9226321903 675791874582802 8
895 -> 9354755251 256704245895005 7
896 -> 9374882601 307185723496539 9
897 -> 9538668914 252844759015882 3
898 -> 9590643678 514672546669869 8
899 -> 9643031341 483802884837150 2
900 -> 9925020760 654043357969721 6
901 -> 9978404785 679439053162384 3
902 -> 9982510866 914116455711793 1
903 -> 49658355232 603358975118784 8
904 -> 103698356228 541173734122188 4
905 -> 426593960152 603324644417207 5
906 -> 968142685261 347276396972232 7
907 -> 1056675337798 109015810530785 7
908 -> 1190943331503 638279625004545 3
909 -> 1192336247586 813588346848551 7
910 -> 1326931948011 868365349207185 5
911 -> 1604542490893 146483962145858 4
912 -> 1659378749688 505829850243333 8
913 -> 1726306934387 298090417189126 3
914 -> 1772360476474 521358827672847 0
915 -> 1858188356324 324748850172590 9
916 -> 2323029591285 347347695524271 3
917 -> 2462111940840 11954751060863 3
918 -> 2553684376695 225147205973415 1
919 -> 2654892094820 230455660730493 8
920 -> 2823484510028 328766460665018 4
921 -> 3043679008877 350753838494076 0
922 -> 3469078956760 294882178886369 4
923 -> 3484114017747 32358645281139 5
924 -> 3496128160983 383420935207428 6
925 -> 3711113233782 920670234978919 6
926 -> 3780368007813 918851688088053 2
927 -> 3787000476581 238752217133677 6
928 -> 3826485333991 812593494321441 9
929 -> 3989270636702 86406166542802 2
930 -> 4057584855669 317727589443094 3
931 -> 4225461568656 203231645370191 3
932 -> 4363391403516 871299296411996 7
933 -> 4422031123000 892166010942953 1
934 -> 4481155496140 582612541095132 7
935 -> 4527008359415 335081027951774 3
936 -> 4536987439930 866826860604676 5
937 -> 4586724645413 720615921081654 2
938 -> 4773283808862 248075171056501 8
939 -> 4932698655233 536390609015883 7
940 -> 5002268430319 430662087952309 2
941 -> 5010251702643 997476394710949 2
942 -> 5283243632525 499183349230714 2
943 -> 5431314279206 508393931859340 3
944 -> 5906418741964 197279879815124 7
945 -> 6222991221182 546224439889873 3
946 -> 6271701130640 662090148987509 0
947 -> 6439852766724 156983530710345 1
948 -> 6573133715712 413729608139552 0
949 -> 6618712886876 195465623800314 5
950 -> 6708144315214 619514901238656 6
951 -> 6799756190779 523423562978556 5
952 -> 6908996393188 361024449208426 8
953 -> 7023008259683 450374871296227 5
954 -> 7161671636572 672361513539709 2
955 -> 7509011022626 823856022620162 9
956 -> 7806141384831 751006878071287 1
957 -> 7911359564288 564968401738828 7
958 -> 8105304583147 66390026303582 0
959 -> 8168940481866 597548440330737 3
960 -> 8263893186838 795186570163584 2
961 -> 8398673270629 369369985582672 5
962 -> 8722974374201 882254032489524 2
963 -> 8759353847174 93497620947560 2
964 -> 8787984289936 636923574095794 2
965 -> 9050400668444 11104034952027 1
966 -> 9136030155624 682259130771041 2
967 -> 9153591921730 606112701476276 7
968 -> 9218398087391 778207557153680 3
969 -> 9282515528253 433658991981236 3
970 -> 9548753411559 63078041786661 8
971 -> 9862303496479 824120021720435 1
972 -> 9911399464769 378793832566346 8
973 -> 79784441147271 209256891650282 8
974 -> 89404703042851 147552720661629 5
975 -> 222338463656187 408785682595705 3
976 -> 261661627667544 798583103243611 7
977 -> 275576996049879 862518608043497 3
978 -> 364531713778507 364916624403157 5
979 -> 468026717464870 736748863401214 4
980 -> 611788162409775 683626753284718 8
981 -> 615638772214616 880467476298398 2
982 -> 635779008837043 925108818976008 2
983 -> 714668376338112 815340415476420 1
984 -> 767568225829905 795009627186133 7
985 -> 916608001951505 989003146958169 1
986 -> 962708014858255 981975275676278 1
987 -> 995838512316559 997548583392539 4
988 -> 10 1000000000000000 9
989 -> 10 1000000000000000 0
990 -> 10 1000000000000000 1
991 -> 10 1000000000000000 4
992 -> 100000000000000 1000000000000000 1
993 -> 999999999900000 999999999999999 2
994 -> 999999999999999 999999999999999 0
995 -> 999999999999999 999999999999999 9
996 -> 123456789012345 999999999999999 1
997 -> 100000000000000 100000000000999 0
998 -> 909090909090909 999999999999999 8
999 -> 111111111111111 222222222222222 1